10/22/21 20:32

Problem 1 (5 points):

	exhaustive_search() failed: incorrect nearest neighbor
	Correct response: [0.681 0.533 0.018 0.402 0.231 0.759 0.994 0.062 0.558 0.998]
	Student response: 0.7323385213927078

	exhaustive_search() failed: incorrect minimum distance
	Correct response: 0.7323385213927079
	Student response: [0.681 0.533 0.018 0.402 0.231 0.759 0.994 0.062 0.558 0.998]

	exhaustive_search() failed: incorrect nearest neighbor
	Correct response: [0.357 0.124 0.743 0.29  0.209 0.906 0.105 0.709 0.309 0.962 0.554 0.129
 0.44  0.462 0.916 0.764 0.882 0.866 0.565 0.066 0.999 0.112 0.249 0.58
 0.754 0.605 0.853 0.364 0.354 0.466 0.873 0.127 0.616 0.466 0.791 0.197
 0.532 0.156 0.776 0.037 0.151 0.739 0.195 0.865 0.417 0.94  0.626 0.985
 0.766 0.238 0.521 0.776 0.849 0.436 0.878 0.202 0.55  0.636 0.311 0.287
 0.96  0.911 0.882 0.04  0.137 0.49  0.016 0.184 0.738 0.826 0.858 0.234
 0.834 0.32  0.451 0.035 0.691 0.664 0.654 0.568 0.514 0.434 0.933 0.675
 0.838 0.336 0.534 0.853 0.266 0.151 0.159 0.271 0.804 0.268 0.252 0.888
 0.544 0.022 0.487 0.992]
	Student response: 3.7217434439348476

	exhaustive_search() failed: incorrect minimum distance
	Correct response: 3.7217434439348476
	Student response: [0.357 0.124 0.743 0.29  0.209 0.906 0.105 0.709 0.309 0.962 0.554 0.129
 0.44  0.462 0.916 0.764 0.882 0.866 0.565 0.066 0.999 0.112 0.249 0.58
 0.754 0.605 0.853 0.364 0.354 0.466 0.873 0.127 0.616 0.466 0.791 0.197
 0.532 0.156 0.776 0.037 0.151 0.739 0.195 0.865 0.417 0.94  0.626 0.985
 0.766 0.238 0.521 0.776 0.849 0.436 0.878 0.202 0.55  0.636 0.311 0.287
 0.96  0.911 0.882 0.04  0.137 0.49  0.016 0.184 0.738 0.826 0.858 0.234
 0.834 0.32  0.451 0.035 0.691 0.664 0.654 0.568 0.514 0.434 0.933 0.675
 0.838 0.336 0.534 0.853 0.266 0.151 0.159 0.271 0.804 0.268 0.252 0.888
 0.544 0.022 0.487 0.992]
Score += 0

Problem 2 (5 points):
Score += 5

Problem 3 (10 points):
Score += 10

Problem 4 (10 points):

	_student_nn() failed: incorrect nearest neighbor
	Correct response: [0.304 0.704 0.08  0.694 0.314 0.206 0.925 0.284 0.332 0.403 0.347 0.368
 0.495 0.265 0.466 0.166 0.215 0.492 0.832 0.396 0.221 0.768 0.03  0.395
 0.617 0.054 0.396 0.062 0.615 0.8   0.343 0.41  0.254 0.954 0.078 0.63
 0.607 0.775 0.645 0.891 0.316 0.579 0.763 0.923 0.09  0.02  0.907 0.08
 0.753 0.439 0.406 0.858 0.467 0.941 0.909 0.779 0.406 0.061 0.983 0.774
 0.078 0.547 0.672 0.375 0.885 0.314 0.559 0.592 0.633 0.26  0.937 0.864
 0.388 0.955 0.412 0.512 0.241 0.129 0.733 0.434 0.306 0.657 0.963 0.246
 0.483 0.371 0.889 0.239 0.906 0.588 0.399 0.359 0.281 0.59  0.475 0.79
 0.372 0.363 0.315 0.326]
	Student response: [0.916 0.251 0.261 0.321 0.142 0.916 0.651 0.273 0.824 0.796 0.314 0.279
 0.909 0.258 0.753 0.676 0.121 0.34  0.939 0.709 0.191 0.476 0.568 0.558
 0.174 0.248 0.235 0.632 0.772 0.334 0.332 0.095 0.444 0.579 0.615 0.401
 0.353 0.168 0.723 0.185 0.78  0.893 0.678 0.608 0.365 0.261 0.337 0.034
 0.34  0.11  0.871 0.383 0.836 0.597 0.799 0.848 0.643 0.481 0.541 0.559
 0.225 0.959 0.49  0.284 0.442 0.37  0.93  0.12  0.854 0.196 0.726 0.403
 0.977 0.681 0.294 0.152 0.828 0.276 0.13  0.925 0.782 0.846 0.792 0.756
 0.187 0.348 0.502 0.141 0.185 0.727 0.912 0.222 0.991 0.964 0.543 0.545
 0.53  0.837 0.809 0.547]

	_student_nn() failed: incorrect minimum distance
	Correct response: 3.4889686618799916
	Student response: 3.499408631613022

	_student_nn() failed: incorrect nearest neighbor
	Correct response: [0.078 0.857 0.37  0.03  0.506 0.484 0.76  0.377 0.291 0.039 0.807 0.032
 0.037 0.683 0.35  0.682 0.633 0.422 0.502 0.203 0.066 0.329 0.259 0.707
 0.938 0.544 0.648 0.619 0.799 0.038 0.894 0.33  0.171 0.039 0.186 0.956
 0.624 0.225 0.51  0.245 0.349 0.454 0.577 0.431 0.827 0.509 0.71  0.209
 0.996 0.612 0.898 0.752 0.922 0.371 0.102 0.899 0.071 0.867 0.438 0.806
 0.918 0.206 0.313 0.593 0.013 0.236 0.383 0.171 0.748 0.023 0.284 0.5
 0.361 0.622 0.86  0.92  0.333 0.669 0.261 0.357 0.961 0.716 0.118 0.564
 0.231 0.441 0.319 0.655 0.413 0.999 0.685 0.225 0.505 0.159 0.363 0.373
 0.219 0.725 0.392 0.295]
	Student response: [0.555 0.608 0.535 0.032 0.875 0.695 0.529 0.385 0.941 0.987 0.968 0.512
 0.132 0.26  0.05  0.781 0.156 0.342 0.237 0.418 0.855 0.5   0.717 0.966
 0.585 0.515 0.891 0.623 0.715 0.948 0.565 0.493 0.443 0.32  0.141 0.69
 0.96  0.31  0.711 0.563 0.551 0.992 0.399 0.979 0.753 0.203 0.802 0.658
 0.17  0.809 0.419 0.581 0.508 0.447 0.797 0.826 0.02  0.5   0.646 0.552
 0.127 0.63  0.818 0.927 0.849 0.392 0.867 0.64  0.005 0.267 0.545 0.434
 0.443 0.77  0.445 0.651 0.923 0.597 0.062 0.869 0.914 0.269 0.545 0.632
 0.678 0.527 0.924 0.536 0.902 0.412 0.483 0.671 0.022 0.099 0.811 0.996
 0.493 0.977 0.209 0.733]

	_student_nn() failed: incorrect minimum distance
	Correct response: 3.3610241251207182
	Student response: 3.58275392569433
Score += 6

Problem 5 (10 points):
Score += 10

Problem 6 (5 points):
Score += 5

Code Quality (5 points):
Add some comments and white space!
Score += 0

Total score: 36/50 = 72.0%

-------------------------------------------------------------------------------

10/26/21 11:28

Problem 1 (5 points):

	exhaustive_search() failed: incorrect nearest neighbor
	Correct response: [0.254 0.518 0.658 0.011 0.076 0.6   0.754 0.9   0.788 0.504]
	Student response: 0.9766550091401488

	exhaustive_search() failed: incorrect minimum distance
	Correct response: 0.9766550091401488
	Student response: [0.254 0.518 0.658 0.011 0.076 0.6   0.754 0.9   0.788 0.504]

	exhaustive_search() failed: incorrect nearest neighbor
	Correct response: [0.26  0.518 0.245 0.729 0.973 0.937 0.424 0.645 0.332 0.616 0.123 0.328
 0.49  0.184 0.992 0.71  0.727 0.568 0.642 0.715 0.126 0.176 0.612 0.998
 0.977 0.767 0.681 0.967 0.187 0.295 0.503 0.486 0.784 0.482 0.057 0.1
 0.615 0.502 0.629 0.473 0.627 0.246 0.001 0.927 0.16  0.744 0.543 0.615
 0.892 0.841 0.087 0.498 0.781 0.713 0.488 0.609 0.277 0.906 0.393 0.278
 0.173 0.547 0.328 0.482 0.962 0.546 0.501 0.45  0.497 0.44  0.932 0.414
 0.162 0.666 0.166 0.274 0.851 0.513 0.042 0.368 0.25  0.881 0.823 0.566
 0.789 0.931 0.291 0.563 0.451 0.059 0.735 0.615 0.961 0.249 0.701 0.765
 0.022 0.197 0.771 0.149]
	Student response: 3.717216369626912

	exhaustive_search() failed: incorrect minimum distance
	Correct response: 3.717216369626912
	Student response: [0.26  0.518 0.245 0.729 0.973 0.937 0.424 0.645 0.332 0.616 0.123 0.328
 0.49  0.184 0.992 0.71  0.727 0.568 0.642 0.715 0.126 0.176 0.612 0.998
 0.977 0.767 0.681 0.967 0.187 0.295 0.503 0.486 0.784 0.482 0.057 0.1
 0.615 0.502 0.629 0.473 0.627 0.246 0.001 0.927 0.16  0.744 0.543 0.615
 0.892 0.841 0.087 0.498 0.781 0.713 0.488 0.609 0.277 0.906 0.393 0.278
 0.173 0.547 0.328 0.482 0.962 0.546 0.501 0.45  0.497 0.44  0.932 0.414
 0.162 0.666 0.166 0.274 0.851 0.513 0.042 0.368 0.25  0.881 0.823 0.566
 0.789 0.931 0.291 0.563 0.451 0.059 0.735 0.615 0.961 0.249 0.701 0.765
 0.022 0.197 0.771 0.149]
Score += 0

Problem 2 (5 points):
Score += 5

Problem 3 (10 points):
Score += 10

Problem 4 (10 points):

	_student_nn() failed: incorrect nearest neighbor
	Correct response: [0.553 0.142 0.944 0.272 0.596 0.939 0.562 0.351 0.586 0.935]
	Student response: [0.828 0.64  0.99  0.182 0.677 0.231 0.788 0.69  0.352 0.339]

	_student_nn() failed: incorrect minimum distance
	Correct response: 0.7747327962140282
	Student response: 1.0536357571583177

	_student_nn() failed: incorrect nearest neighbor
	Correct response: [0.191 0.445 0.481 0.761 0.207 0.88  0.675 0.299 0.679 0.197 0.939 0.73
 0.794 0.239 0.347 0.58  0.324 0.155 0.048 0.751 0.018 0.177 0.75  0.934
 0.303 0.15  0.543 0.27  0.015 0.249 0.599 0.914 0.976 0.204 0.424 0.978
 0.45  0.365 0.663 0.251 0.389 0.588 0.493 0.013 0.911 0.483 0.143 0.565
 0.962 0.159 0.966 0.702 0.722 0.883 0.151 0.263 0.826 0.694 0.529 0.104
 0.393 0.292 0.492 0.834 0.678 0.956 0.999 0.84  0.973 0.43  0.894 0.821
 0.403 0.847 0.899 0.225 0.835 0.263 0.475 0.428 0.638 0.997 0.455 0.196
 0.774 0.994 0.184 0.765 0.825 0.553 0.075 0.032 0.88  0.459 0.313 0.037
 0.406 0.312 0.212 0.178]
	Student response: [0.788 0.669 0.215 0.821 0.081 0.94  0.279 0.804 0.852 0.438 0.057 0.27
 0.87  0.627 0.145 0.31  0.057 0.365 0.43  0.171 0.47  0.431 0.925 0.125
 0.122 0.197 0.446 0.397 0.667 0.556 0.836 0.115 0.251 0.912 0.751 0.146
 0.903 0.396 0.738 0.055 0.39  0.349 0.094 0.605 0.642 0.303 0.904 0.89
 0.754 0.076 0.754 0.034 0.082 0.587 0.577 0.739 0.597 0.654 0.72  0.49
 0.326 0.179 0.726 0.476 0.38  0.565 0.553 0.768 0.091 0.747 0.641 0.578
 0.087 0.768 0.135 0.137 0.061 0.843 0.785 0.405 0.061 0.929 0.704 0.939
 0.467 0.501 0.979 0.59  0.149 0.407 0.045 0.926 0.719 0.766 0.621 0.49
 0.471 0.529 0.323 0.118]

	_student_nn() failed: incorrect minimum distance
	Correct response: 3.959687281411921
	Student response: 4.171177636404155

	_student_nn() failed: incorrect nearest neighbor
	Correct response: [0.1   0.64  0.597 0.747 0.782 0.097 0.653 0.543 0.396 0.278 0.698 0.026
 0.229 0.806 0.783 0.663 0.531 0.303 0.454 0.117 0.373 0.028 0.53  0.633
 0.743 0.99  0.725 0.987 0.055 0.412 0.437 0.259 0.824 0.735 0.29  0.236
 0.703 0.013 0.761 0.655 0.886 0.312 0.512 0.654 0.237 0.466 0.684 0.044
 0.711 0.293 0.238 0.045 0.887 0.914 0.821 0.091 0.04  0.955 0.323 0.169
 0.944 0.459 0.669 0.808 0.401 0.202 0.935 0.789 0.515 0.698 0.449 0.506
 0.234 0.676 0.664 0.765 0.67  0.56  0.556 0.654 0.734 0.244 0.444 0.754
 0.206 0.288 0.365 0.349 0.883 0.94  0.07  0.991 0.841 0.635 0.796 0.449
 0.732 0.694 0.644 0.593]
	Student response: [0.773 0.675 0.842 0.752 0.444 0.953 0.787 0.844 0.381 0.378 0.818 0.141
 0.2   0.775 0.846 0.719 0.341 0.462 0.846 0.093 0.557 0.219 0.898 0.35
 0.368 0.98  0.073 0.739 0.192 0.999 0.487 0.261 0.87  0.06  0.929 0.989
 0.484 0.298 0.255 0.777 0.659 0.63  0.345 0.282 0.083 0.117 0.674 0.359
 0.369 0.741 0.44  0.367 0.193 0.662 0.494 0.826 0.027 0.722 0.674 0.484
 0.927 0.199 0.512 0.898 0.687 0.73  0.384 0.8   0.857 0.404 0.773 0.961
 0.116 0.039 0.248 0.855 0.794 0.443 0.408 0.551 0.833 0.911 0.724 0.472
 0.742 0.604 0.678 0.193 0.584 0.081 0.923 0.73  0.474 0.383 0.417 0.377
 0.776 0.587 0.724 0.66 ]

	_student_nn() failed: incorrect minimum distance
	Correct response: 3.5404549913465257
	Student response: 3.561861851759746
Score += 4

Problem 5 (10 points):
Score += 10

Problem 6 (5 points):
Score += 5

Code Quality (5 points):
Include some comments and white space
Score += 0

Total score: 34/50 = 68.0%

-------------------------------------------------------------------------------

10/28/21 09:29

Problem 1 (5 points):

	exhaustive_search() failed: incorrect nearest neighbor
	Correct response: [0.281 0.112 0.47  0.209 0.408 0.218 0.153 0.121 0.428 0.493]
	Student response: 0.7387656734988476

	exhaustive_search() failed: incorrect minimum distance
	Correct response: 0.7387656734988476
	Student response: [0.281 0.112 0.47  0.209 0.408 0.218 0.153 0.121 0.428 0.493]

	exhaustive_search() failed: incorrect nearest neighbor
	Correct response: [0.379 0.751 0.665 0.28  0.346 0.075 0.254 0.334 0.118 0.283 0.665 0.241
 0.411 0.726 0.566 0.5   0.149 0.604 0.814 0.33  0.11  0.176 0.058 0.375
 0.121 0.421 0.256 0.864 0.33  0.928 0.337 0.462 0.327 0.974 0.302 0.342
 0.498 0.278 0.543 0.005 0.19  0.486 0.032 0.667 0.089 0.813 0.54  0.473
 0.257 0.262 0.198 0.029 0.486 0.093 0.33  0.068 0.781 0.01  0.027 0.569
 0.293 0.659 0.951 0.81  0.626 0.35  0.328 0.443 0.88  0.45  0.433 0.27
 0.426 0.245 0.493 0.953 0.375 0.109 0.198 0.912 0.494 0.769 0.551 0.361
 0.416 0.832 0.836 0.887 0.695 0.654 0.972 0.698 0.522 0.592 0.705 0.969
 0.796 0.856 0.917 0.784]
	Student response: 3.5723981865064167

	exhaustive_search() failed: incorrect minimum distance
	Correct response: 3.5723981865064167
	Student response: [0.379 0.751 0.665 0.28  0.346 0.075 0.254 0.334 0.118 0.283 0.665 0.241
 0.411 0.726 0.566 0.5   0.149 0.604 0.814 0.33  0.11  0.176 0.058 0.375
 0.121 0.421 0.256 0.864 0.33  0.928 0.337 0.462 0.327 0.974 0.302 0.342
 0.498 0.278 0.543 0.005 0.19  0.486 0.032 0.667 0.089 0.813 0.54  0.473
 0.257 0.262 0.198 0.029 0.486 0.093 0.33  0.068 0.781 0.01  0.027 0.569
 0.293 0.659 0.951 0.81  0.626 0.35  0.328 0.443 0.88  0.45  0.433 0.27
 0.426 0.245 0.493 0.953 0.375 0.109 0.198 0.912 0.494 0.769 0.551 0.361
 0.416 0.832 0.836 0.887 0.695 0.654 0.972 0.698 0.522 0.592 0.705 0.969
 0.796 0.856 0.917 0.784]
Score += 0

Problem 2 (5 points):
Score += 5

Problem 3 (10 points):
Score += 10

Problem 4 (10 points):

	_student_nn() failed: incorrect nearest neighbor
	Correct response: [0.204 0.183 0.078 0.352 0.845 0.267 0.348 0.458 0.015 0.052]
	Student response: [0.187 0.743 0.23  0.354 0.477 0.58  0.555 0.135 0.115 0.005]

	_student_nn() failed: incorrect minimum distance
	Correct response: 0.9933023874788796
	Student response: 1.02844378929074

	_student_nn() failed: incorrect nearest neighbor
	Correct response: [0.141 0.286 0.43  0.19  0.846 0.479 0.631 0.67  0.298 0.242 0.885 0.342
 0.836 0.046 0.677 0.564 0.986 0.92  0.707 0.232 0.686 0.182 0.009 0.252
 0.77  0.4   0.588 0.946 0.047 0.253 0.417 0.174 0.539 0.21  0.419 0.754
 0.625 0.905 0.366 0.696 0.004 0.504 0.408 0.843 0.536 0.148 0.414 0.803
 0.727 0.156 0.992 0.468 0.503 0.895 0.825 0.486 0.445 0.564 0.785 0.727
 0.24  0.457 0.604 0.198 0.728 0.512 0.527 0.615 0.62  0.362 0.778 0.569
 0.299 0.165 0.144 0.104 0.556 0.861 0.103 0.067 0.713 0.446 0.842 0.421
 0.039 0.799 0.365 0.947 0.313 0.053 0.026 0.85  0.778 0.673 0.434 0.566
 0.338 0.23  0.209 0.689]
	Student response: [0.553 0.611 0.024 0.111 0.832 0.471 0.217 0.404 0.267 0.73  0.864 0.929
 0.933 0.914 0.958 0.287 0.376 0.998 0.392 0.17  0.126 0.162 0.796 0.179
 0.158 0.946 0.194 0.464 0.253 0.243 0.075 0.819 0.803 0.197 0.442 0.597
 0.098 0.02  0.786 0.002 0.673 0.743 0.372 0.728 0.416 0.423 0.872 0.255
 0.517 0.991 0.274 0.278 0.225 0.834 0.72  0.518 0.29  0.675 0.982 0.497
 0.743 0.018 0.15  0.068 0.895 0.206 0.798 0.404 0.002 0.875 0.733 0.853
 0.842 0.958 0.312 0.131 0.267 0.989 0.761 0.356 0.426 0.264 0.014 0.771
 0.956 0.647 0.594 0.477 0.382 0.679 0.659 0.863 0.652 0.686 0.043 0.243
 0.43  0.56  0.325 0.558]

	_student_nn() failed: incorrect minimum distance
	Correct response: 3.4606313021160418
	Student response: 3.5710828105862458
Score += 6

Problem 5 (10 points):
Score += 10

Problem 6 (5 points):
Score += 5

Code Quality (5 points):
Include some white space to group ideas
Score += 3

Total score: 39/50 = 78.0%


Comments:
	Make sure to check your soft grades!

-------------------------------------------------------------------------------

